947
225 453
24 57
703 146
381 744
770 778
23 10
429 641
787 77
115 16
827 172
569 860
79 198
922 182
336 369
817 841
851 944
34 484
21 44
717 653
849 324
108 811
159 98
37 213
884 231
306 503
651 298
364 371
2 1
456 354
834 662
331 260
346 426
399 244
853 773
412 219
776 551
496 881
454 352
85 483
731 896
856 873
103 100
39 13
315 4
920 349
405 137
487 527
406 356
267 75
145 352
569 79
242 62
163 21
296 179
216 302
244 395
232 225
137 180
274 47
7 270
931 759
120 495
577 863
70 901
629 251
51 26
111 94
465 365
176 9
128 54
153 532
675 413
175 375
817 838
22 622
221 545
598 581
292 229
9 7
32 26
602 623
106 294
25 214
653 78
604 131
47 18
199 209
945 381
301 156
359 267
34 492
691 416
165 281
733 805
290 178
817 597
685 148
376 270
70 33
369 726
383 266
107 277
102 160
150 104
88 777
206 197
374 577
106 745
534 60
321 253
522 695
162 57
583 816
221 130
831 409
107 253
78 101
463 146
475 185
36 54
467 50
154 146
882 786
360 796
41 100
288 585
19 46
130 327
668 253
782 244
151 194
718 707
23 37
485 179
374 318
61 178
190 332
381 376
67 874
31 35
852 912
167 43
270 446
18 24
596 407
904 699
697 233
33 76
646 117
90 540
533 139
173 624
901 906
476 80
554 78
377 356
779 123
233 801
113 591
186 119
754 477
26 49
716 156
390 918
262 65
61 181
238 62
600 428
757 923
128 507
868 590
842 51
50 79
293 365
550 157
146 229
206 249
104 607
414 275
68 96
832 424
60 144
386 384
41 228
723 88
680 219
110 170
655 928
207 58
367 250
380 506
453 936
866 607
125 103
274 792
74 152
523 300
425 113
790 167
5 473
220 57
536 541
603 279
160 250
771 254
494 319
166 304
66 201
676 935
261 617
341 581
341 518
78 64
193 582
704 598
27 59
620 845
372 255
250 940
113 42
730 825
132 29
166 20
244 363
114 513
97 452
303 19
314 202
642 253
614 555
219 236
17 28
872 839
303 335
783 341
86 747
634 162
69 77
430 466
32 43
496 497
590 29
856 798
97 632
197 243
241 29
3 2
21 388
714 316
244 649
782 829
858 102
6 138
206 671
659 564
320 253
819 908
351 443
142 38
6 5
28 146
346 628
326 356
893 364
344 610
400 33
44 256
32 280
705 2
451 171
471 326
27 23
13 12
737 677
237 539
311 55
76 318
589 83
16 18
62 907
91 420
547 722
638 888
83 133
794 352
502 380
903 778
2 21
586 358
2 4
947 731
229 946
876 248
252 525
934 635
552 132
194 300
267 639
602 128
3 819
905 714
748 522
911 698
174 48
26 864
760 291
282 707
343 249
438 636
190 69
712 270
209 254
750 392
99 410
295 119
601 576
367 850
290 460
215 319
916 206
341 665
637 199
95 121
626 437
517 471
344 326
430 351
349 308
252 142
156 461
188 440
460 562
663 165
389 111
3 104
431 436
576 752
72 340
571 733
656 330
580 800
126 477
338 165
80 766
286 236
188 33
809 68
150 212
639 751
275 165
109 501
570 473
292 354
165 138
683 601
265 546
323 13
74 222
22 36
833 839
924 392
172 57
193 168
134 54
44 521
124 67
26 33
435 186
926 373
41 37
21 68
878 335
531 155
298 700
654 419
563 822
285 243
770 621
25 902
437 68
297 209
56 67
588 516
543 574
424 258
459 41
87 78
70 114
925 78
351 213
571 88
160 854
414 575
848 546
678 153
202 390
721 112
307 51
419 206
259 682
79 488
160 755
263 54
7 14
264 580
772 364
820 559
120 616
87 135
24 48
767 475
366 42
431 312
135 208
169 22
126 47
358 313
46 69
813 417
162 917
217 226
183 54
526 443
88 50
937 184
889 671
768 449
648 110
199 404
450 60
620 513
642 664
346 345
538 236
166 549
107 257
608 165
191 382
158 464
135 746
48 86
508 70
174 551
204 174
18 184
480 78
20 429
625 527
22 337
657 504
560 474
479 62
635 713
334 557
52 840
78 237
192 393
110 103
692 332
17 15
762 915
35 56
493 290
283 28
168 19
510 385
826 627
846 97
757 453
401 421
802 25
78 769
543 233
74 99
334 30
73 684
100 137
97 268
219 26
584 109
182 155
442 302
469 459
237 266
19 50
50 123
403 498
773 198
38 91
447 20
298 938
939 212
331 353
197 53
97 7
251 4
728 285
43 80
865 537
323 599
90 35
573 277
711 892
806 577
15 409
131 46
484 563
308 380
200 128
883 584
255 341
80 148
172 804
112 99
361 379
333 763
147 68
618 182
910 537
258 254
325 179
400 877
342 669
540 667
775 296
224 108
3 15
771 875
79 895
941 400
517 742
63 50
65 216
499 384
173 43
415 613
118 16
203 26
332 647
37 185
143 78
313 553
393 715
72 2
16 1
2 156
26 496
526 793
370 283
201 621
435 756
166 245
909 873
720 264
310 35
929 49
395 886
467 818
398 344
690 232
60 640
248 167
397 734
196 511
205 673
122 1
291 106
644 265
21 455
52 34
22 20
337 378
373 341
56 702
67 615
85 230
462 387
299 17
340 729
209 660
587 27
145 293
24 438
943 812
719 528
648 857
76 217
689 142
105 54
821 802
62 39
307 329
217 330
80 265
145 98
268 894
710 619
921 87
140 51
95 218
313 317
90 823
287 169
143 633
559 112
221 764
136 139
182 686
191 169
815 539
195 662
19 12
81 347
472 803
98 55
871 803
479 887
215 121
458 219
568 22
843 524
309 336
59 66
101 650
312 39
11 2
242 824
451 749
594 576
21 55
593 180
185 432
322 362
255 183
855 92
164 147
225 196
116 509
643 759
7 153
610 679
428 522
111 205
401 110
112 348
30 27
116 199
561 532
417 48
40 514
174 486
197 520
60 28
559 789
192 73
111 385
345 98
451 765
155 96
192 481
172 264
15 158
66 73
308 900
206 696
399 897
730 182
449 420
725 913
542 94
784 459
687 632
80 548
732 509
807 181
139 709
741 694
93 141
129 25
187 851
655 463
328 217
341 619
717 880
448 238
381 576
183 472
95 672
322 88
205 711
930 332
191 556
204 387
260 96
125 439
36 107
290 308
72 536
462 558
3 5
12 7
812 604
407 241
140 350
891 563
394 658
24 149
273 333
486 505
548 785
325 795
326 48
108 491
125 130
75 247
81 7
196 82
208 643
116 606
599 762
20 9
285 694
415 869
26 8
3 357
10 583
282 418
396 296
595 337
188 392
261 830
438 788
14 102
603 706
40 9
279 25
942 703
516 250
227 170
238 489
740 431
816 852
87 108
500 285
859 320
22 106
933 77
43 119
399 810
43 244
890 444
879 519
12 670
147 157
847 430
211 40
739 448
106 898
339 75
609 183
465 919
731 100
74 4
524 378
645 106
547 421
103 127
35 384
637 699
438 512
418 537
282 67
557 708
797 232
6 75
279 627
151 55
85 3
109 100
783 786
65 324
444 383
515 172
579 82
383 394
52 65
62 445
681 541
323 566
572 153
284 611
278 274
92 77
411 75
21 53
20 29
793 861
200 223
403 330
667 774
540 735
593 743
301 529
252 397
837 736
470 278
59 309
351 433
652 343
31 233
82 528
391 278
427 380
559 899
676 151
394 698
120 187
260 316
583 781
828 211
758 60
870 112
835 399
17 202
261 19
65 564
193 239
666 485
313 244
544 65
272 137
234 216
474 174
288 35
114 161
94 11
413 73
487 308
88 189
273 240
735 736
328 490
791 395
271 87
724 434
276 434
174 635
688 539
411 597
6 259
478 455
34 20
833 559
565 528
780 624
59 289
